 -1.04   1.37  -1.30   0.49  -1.16   2.25   0.05  -0.10  -1.08   1.88 
 -0.65  -0.37   0.14   0.78   0.17  -0.43   0.67  -0.88   0.60   0.35 
  1.57   2.10   1.32   0.83  -1.63   1.96   1.41   2.07   1.09   0.53 
 -0.09   0.30   0.81   0.44  -0.73  -0.90   1.17  -0.67  -1.47  -0.13 
  1.76   1.52  -0.37   1.25   0.67   0.11   0.36   0.40  -2.00   1.55 
 -0.35  -1.42  -1.04  -1.10   0.77  -1.40  -0.31  -1.82   1.78   1.21 
 -1.11  -1.06   2.08  -0.90   0.36   0.48   2.25  -1.70  -2.21   0.85 
  1.97   0.40   1.19   0.35  -1.06   0.86   0.45   1.77  -0.72  -2.18 
  0.39   2.15   0.14   2.10   0.37  -0.74  -2.17   0.25  -0.00   1.35 
  0.96  -1.93   2.12  -1.07   1.26  -2.06  -0.27   0.06   1.75  -1.92 
