 -0.05  -0.01  -0.06   0.01   0.12  -0.04   0.06  -0.05   0.05  -0.01 
  0.06   0.07   0.02  -0.10  -0.04   0.13  -0.04  -0.06  -0.00   0.00 
 -0.28  -0.06  -0.02   0.19   0.24  -0.33   0.02   0.11  -0.13   0.28 
 -0.24   0.01   0.08   0.31   0.19  -0.55   0.03  -0.06  -0.21   0.43 
  0.38  -0.10  -0.03  -0.38  -0.29   0.59   0.06  -0.04   0.29  -0.40 
 -0.33   0.15  -0.07   0.40   0.27  -0.54  -0.04   0.12  -0.43   0.38 
  0.15  -0.07   0.08  -0.06  -0.05   0.15  -0.00  -0.02   0.03  -0.19 
  0.28  -0.01   0.12  -0.40  -0.35   0.53   0.06  -0.01   0.30  -0.46 
  0.30  -0.05  -0.00  -0.34  -0.23   0.41  -0.04   0.01   0.38  -0.35 
 -0.39   0.10  -0.14   0.58   0.29  -0.56  -0.04   0.02  -0.41   0.54 
