161344421 92196812 184393624 115246015 23049203 207442827 115246015 92196812 92196812 23049203 
207442827 46098406 138295218 115246015 23049203 115246015 92196812 115246015 184393624 161344421 
0 23049203 92196812 207442827 0 115246015 92196812 23049203 0 115246015 
23049203 161344421 92196812 138295218 184393624 23049203 138295218 115246015 207442827 207442827 
23049203 161344421 115246015 184393624 115246015 184393624 0 207442827 46098406 69147609 
46098406 207442827 0 115246015 46098406 207442827 46098406 115246015 0 115246015 
184393624 46098406 92196812 92196812 184393624 207442827 23049203 23049203 184393624 92196812 
23049203 184393624 207442827 46098406 46098406 184393624 184393624 207442827 46098406 92196812 
69147609 115246015 138295218 46098406 115246015 207442827 69147609 92196812 184393624 184393624 
23049203 69147609 0 23049203 138295218 69147609 161344421 138295218 184393624 138295218 

40482021 364338189 323856168 40482021 80964042 323856168 80964042 242892126 40482021 0 
364338189 40482021 40482021 323856168 242892126 161928084 121446063 40482021 202410105 40482021 
242892126 0 0 161928084 323856168 364338189 121446063 242892126 40482021 121446063 
80964042 0 40482021 283374147 202410105 80964042 364338189 242892126 40482021 121446063 
40482021 364338189 283374147 283374147 161928084 0 364338189 364338189 242892126 283374147 
0 242892126 202410105 161928084 40482021 121446063 202410105 283374147 80964042 364338189 
121446063 364338189 161928084 202410105 242892126 161928084 40482021 161928084 242892126 323856168 
0 323856168 364338189 364338189 364338189 121446063 323856168 283374147 242892126 323856168 
364338189 161928084 40482021 161928084 80964042 283374147 364338189 283374147 121446063 40482021 
364338189 323856168 283374147 40482021 283374147 364338189 121446063 121446063 323856168 202410105 
