 -1.55   2.08  -3.29   0.29   2.34   1.24  -0.30   2.11   1.15  -3.98 
  1.52  -1.19   1.09   2.35  -3.75   3.06  -3.09  -3.19  -3.13   1.23 
 -1.39   1.41  -1.11  -1.88   0.94  -2.46  -2.18  -0.15   0.13  -3.43 
  3.83  -3.18   3.78  -0.86   1.15   1.57  -0.09   1.47  -1.45  -0.24 
  0.34  -1.67   0.83   3.31   2.65  -2.35   1.67  -4.05   1.67   2.23 
  1.87   1.36   2.74   1.87  -3.56  -3.16  -0.85  -3.89   2.42  -1.04 
 -1.23  -3.70   1.81   0.13  -0.58  -1.79   1.70   0.80  -2.17   3.67 
 -2.06  -0.94   2.80  -1.68  -3.40  -1.97   0.53   1.65  -1.61   3.76 
  2.18   3.71  -1.11   3.68   2.36  -0.82  -1.15  -2.06  -4.13  -2.61 
  2.18  -2.96  -1.97   0.30   1.72  -4.05  -3.01  -3.85   0.27  -0.34 
