 -0.54  -0.80   1.22   0.14   0.70  -0.41   0.69   0.89   0.11   0.83 
 -0.45   0.15   0.61  -0.57  -1.12   0.25   0.17   0.81   0.14  -0.28 
  0.28  -0.35  -0.89   0.05   0.28  -0.61   0.09  -1.14  -1.10  -0.32 
 -0.30  -0.91  -0.39  -0.81   0.34  -0.90  -1.04   0.43  -0.36   0.82 
  0.10  -0.50   0.25   0.99   0.79  -0.70   0.50  -1.21   0.50   0.66 
  0.96  -0.53   0.08  -1.15  -1.06  -1.01   1.02   1.03  -0.48   0.16 
 -0.92   0.91   0.66   0.60  -0.17   0.41   0.95   0.52   0.37   0.07 
  0.48  -0.92   1.06   0.84  -1.01  -0.77   0.34  -0.57   0.17   0.77 
  0.45  -0.55   0.48   0.73   0.70  -0.34   0.33  -0.44   1.16  -0.98 
 -1.23   0.31  -0.94  -1.17   0.51   0.96   0.07  -0.77  -1.06   0.80 
