 -0.46   0.49  -1.26  -1.03   0.10   1.28  -0.06   1.25  -1.13  -0.35 
  0.40  -0.54   1.43   1.52  -0.20  -1.50  -0.01  -1.41   1.27   0.60 
 -0.40   0.51  -1.53  -2.03   0.09   2.00   0.13   1.89  -1.69  -0.82 
 -0.20   0.12  -0.92  -0.89   0.27   1.00   0.03   0.94  -0.89  -0.46 
 -0.39   0.06  -0.34  -0.32   0.03   0.54   0.15   0.25  -0.37  -0.01 
 -0.12  -0.12   0.85   0.90  -0.08  -0.70   0.05  -0.69   0.49   0.23 
 -0.09   0.22  -0.48  -0.32   0.20   0.17  -0.15   0.49  -0.35   0.05 
  0.78  -0.78   2.29   2.52  -0.37  -2.81   0.10  -2.46   2.51   0.87 
  0.02   0.33  -0.55  -0.66   0.01   0.59  -0.02   0.42  -0.50  -0.15 
  0.25  -0.06  -0.12  -0.28   0.14   0.21  -0.21   0.02   0.06  -0.14 
