 -0.04  -0.45   0.01  -0.17  -0.43  -0.02  -0.39   0.18   1.11  -0.29 
  0.43  -3.06   1.72  -0.80  -3.33  -0.00  -2.67   1.51   6.01  -2.98 
  0.07   0.02   0.18   0.10  -0.14   0.25  -0.24  -0.20  -0.02   0.14 
 -0.09   0.01  -0.17  -0.13   0.25   0.07  -0.10  -0.07  -0.01   0.31 
  0.03   0.69  -0.56   0.12   0.83  -0.03   0.76  -0.39  -1.50   0.93 
 -0.40   2.86  -2.07   0.87   3.47  -0.51   2.84  -1.17  -5.67   2.86 
 -0.11   0.80  -0.62   0.27   0.92  -0.17   0.71  -0.08  -1.44   0.55 
 -0.13   1.17  -0.92   0.21   1.32  -0.56   1.25  -0.16  -2.15   1.08 
  0.11  -1.44   1.34  -0.25  -1.84   0.36  -1.27   0.58   2.71  -1.73 
  0.16  -0.72   0.87  -0.27  -0.98   0.37  -0.84   0.09   1.47  -0.92 
