1489800576 1840446416 -350645840 -1753229200 -1402583360 -1051937520 -701291680 -350645840 -2103875040 1840446416 
-1753229200 -701291680 -701291680 -1051937520 1840446416 -1753229200 0 1840446416 -1753229200 -701291680 
1489800576 0 -1402583360 1840446416 1139154736 0 1489800576 -350645840 0 0 
1840446416 -1753229200 1139154736 -701291680 1840446416 1139154736 -350645840 1840446416 -1051937520 1489800576 
-1402583360 1489800576 -1402583360 -2103875040 -1402583360 -1402583360 -2103875040 -701291680 -701291680 -1051937520 
-701291680 1139154736 -1051937520 -1051937520 -2103875040 -350645840 -1051937520 -2103875040 0 -1402583360 
-1051937520 0 1489800576 1489800576 -350645840 -1402583360 -1753229200 -350645840 -1051937520 1840446416 
0 -1051937520 1139154736 -1402583360 -1753229200 1840446416 -350645840 -350645840 0 -1051937520 
-701291680 -2103875040 -2103875040 -1753229200 -1753229200 -701291680 -1402583360 -350645840 1489800576 -2103875040 
0 -2103875040 -1051937520 -701291680 1489800576 1489800576 1840446416 1840446416 -1402583360 -1402583360 

-652169352 -224936696 -1506634664 -652169352 -1506634664 1708930624 1281697968 -1079402008 -1079402008 -652169352 
-1933867320 -1079402008 -1506634664 0 427232656 1281697968 427232656 -1506634664 427232656 427232656 
-1079402008 427232656 427232656 0 -652169352 854465312 854465312 0 854465312 -652169352 
-1079402008 -224936696 -1506634664 -1079402008 1281697968 -1079402008 -224936696 -652169352 -652169352 427232656 
0 854465312 0 854465312 -224936696 -1506634664 -224936696 1281697968 1281697968 427232656 
427232656 1281697968 -652169352 -652169352 -1506634664 427232656 0 0 854465312 854465312 
1708930624 0 427232656 427232656 -1933867320 -1506634664 854465312 1708930624 -1079402008 -1933867320 
-224936696 854465312 -1933867320 -1933867320 0 -224936696 -652169352 -1933867320 -224936696 -1506634664 
0 -652169352 1708930624 -1933867320 -1079402008 -1079402008 -1079402008 -1079402008 -652169352 -1079402008 
-1079402008 -1933867320 -652169352 -1079402008 -1079402008 0 1281697968 -1506634664 -1079402008 -1933867320 
