 -0.35   0.28   0.21  -0.04  -0.37   0.10  -0.42   0.42   0.01   0.39 
 -0.60  -1.01   0.67   0.23  -0.91   1.13  -0.34   0.76   0.29  -1.14 
  0.06   1.08   1.01  -0.86   0.34  -1.02  -0.72   0.31  -0.02  -0.04 
 -0.39   0.86   0.15   0.61  -0.74  -0.13  -0.04  -0.64  -0.19   0.61 
  0.05  -1.01   0.81   0.91   0.09   1.15   1.13  -0.01  -0.26  -0.71 
 -0.13  -0.34   0.46   0.03  -0.23   0.11  -0.09   0.05   0.05   0.26 
 -0.53   0.20  -0.06  -0.03  -0.10   0.28   0.32   0.31  -0.12  -0.15 
 -0.22   0.64   0.26  -0.39  -0.21   0.02  -0.28   0.12   0.06   0.11 
  0.02   0.88  -1.06   0.92  -0.11  -0.90  -1.02  -0.76  -0.10  -0.34 
  1.01  -0.89   0.44  -0.46   0.53  -0.03   0.74   0.46   0.05   0.05 
