  0.20   0.00  -0.15  -0.06   0.12   0.09   0.15  -0.03   0.08  -0.30 
  0.05  -0.22  -0.04   0.03  -0.02   0.18  -0.01  -0.05   0.28  -0.10 
  0.44  -0.40  -0.30   0.28   0.34  -0.07   0.26  -0.41   0.14  -0.21 
 -0.01   0.13   0.07  -0.13   0.18   0.01  -0.02   0.16  -0.31  -0.07 
 -0.49  -0.08   0.31   0.01  -0.50   0.01  -0.12   0.02   0.07   0.70 
 -0.44   0.42   0.09  -0.27  -0.00   0.28  -0.17   0.29  -0.18   0.01 
 -0.18   0.05   0.21  -0.15  -0.01  -0.00   0.01   0.10   0.02  -0.01 
  0.15   0.16   0.16   0.04  -0.17  -0.21  -0.10   0.04  -0.26   0.12 
  0.12   0.25   0.02  -0.13   0.16  -0.19  -0.09   0.08  -0.20  -0.06 
  0.10  -0.39  -0.23   0.45  -0.20  -0.10   0.13  -0.20   0.38   0.11 
