-2087151850 0 856602078 120663596 -1966488254 0 -1351213368 120663596 735938482 1471876964 
1471876964 1471876964 0 -2087151850 -1966488254 -2087151850 1592540560 0 1592540560 856602078 
735938482 1471876964 0 735938482 0 856602078 -1351213368 -615274886 -1966488254 0 
856602078 735938482 1592540560 120663596 -1966488254 120663596 856602078 0 -1966488254 0 
-1966488254 856602078 1471876964 735938482 -1351213368 0 1592540560 1471876964 120663596 120663596 
-615274886 -1966488254 -615274886 735938482 -1351213368 1592540560 1471876964 735938482 735938482 1592540560 
856602078 1471876964 -2087151850 856602078 120663596 120663596 0 1592540560 1592540560 1471876964 
-615274886 -1966488254 0 120663596 -615274886 735938482 -615274886 1471876964 735938482 0 
120663596 735938482 856602078 120663596 0 735938482 0 -615274886 735938482 -1351213368 
120663596 1471876964 -2087151850 -615274886 120663596 -1351213368 120663596 -2087151850 -1351213368 1471876964 

-1009813068 -754098044 1265528092 -498383020 1265528092 -754098044 511430048 1265528092 -498383020 255715024 
1521243116 511430048 -754098044 -754098044 -754098044 -2019626136 1265528092 511430048 -1763911112 1521243116 
-498383020 -1763911112 -498383020 -1009813068 -754098044 -754098044 -1009813068 -754098044 0 511430048 
-754098044 511430048 -1009813068 -1763911112 -754098044 -2019626136 511430048 1521243116 -2019626136 -2019626136 
-498383020 -1763911112 255715024 -1009813068 1265528092 255715024 1265528092 511430048 0 1521243116 
255715024 255715024 0 255715024 1265528092 -754098044 1521243116 1521243116 -2019626136 511430048 
0 1521243116 -1763911112 -498383020 -1763911112 -1009813068 511430048 -754098044 -498383020 -2019626136 
0 -498383020 -1009813068 -1009813068 -754098044 1265528092 -754098044 -1009813068 0 1521243116 
-498383020 511430048 -498383020 1521243116 511430048 -754098044 0 0 -1009813068 1521243116 
1521243116 255715024 255715024 255715024 1521243116 -2019626136 -754098044 -754098044 -498383020 255715024 
