 -0.31   3.99   0.72   0.14  -0.83   0.44  -3.62   1.30   4.13  -3.09 
  0.93   1.34  -2.04   0.06   0.19  -0.19   0.37  -0.97   0.15   0.76 
 -2.00  -2.02   1.96   0.24   0.82   0.19  -1.66   1.29  -0.79   0.78 
  0.97   3.50   0.44  -0.70   0.30  -0.04   3.91  -1.53  -3.64   2.10 
  2.47  -3.69  -0.88  -0.95   0.30   0.56  -4.07  -3.44  -2.84   1.51 
 -1.90   3.92   0.90   0.74  -0.22  -0.21  -4.11   1.74   3.98  -2.29 
 -1.00  -3.17  -2.42   1.61  -0.21  -0.31  -2.99   2.01   3.38  -1.67 
 -0.77  -1.25   2.18  -0.10  -0.27  -0.00  -1.37   1.15  -0.43  -0.03 
  1.06   1.26  -1.99  -0.03   0.23  -0.38   0.93  -1.18   0.88  -0.14 
  3.49  -1.40  -3.64  -0.61  -0.20  -0.40  -2.18  -3.11  -3.52   1.95 
