 -0.93   0.25   0.01   0.28  -0.43  -0.50   0.05   1.07  -0.45   0.31 
 -0.32   0.03   0.22   0.05  -0.02  -0.02  -0.24   0.24  -0.13   0.09 
  0.49  -0.24  -0.14  -0.22   0.42   0.34   0.11  -0.85   0.46  -0.07 
  0.90  -0.10  -0.39  -0.34   0.75   0.37   0.32  -1.76   0.94  -0.14 
 -0.36   0.01   0.09   0.15  -0.22  -0.31  -0.11   0.65  -0.20   0.11 
  0.46  -0.20   0.04   0.01  -0.04   0.19  -0.01  -0.16  -0.04  -0.13 
  0.70  -0.07  -0.16  -0.12   0.22   0.53  -0.02  -0.86   0.32  -0.21 
 -0.23   0.09   0.05   0.01  -0.11  -0.12   0.08   0.17  -0.02   0.05 
  0.42  -0.09   0.08  -0.18   0.06   0.18  -0.11  -0.01  -0.19  -0.09 
 -0.72   0.24   0.24   0.29  -0.43  -0.39  -0.13   1.09  -0.54   0.00 
