  0.25   0.08   1.15   0.96  -0.35   0.66   0.29  -0.13   1.10   1.47 
 -0.07   0.05  -0.46   0.27   0.07   0.07   0.12   0.14   0.54  -0.55 
 -0.12   0.03  -0.43   0.53   0.17  -0.05   0.05   0.06   0.42  -0.44 
 -0.09  -0.04  -0.07   0.99   0.24  -0.43  -0.38  -0.23   0.36  -0.17 
  0.10   0.02   0.23  -0.89  -0.12   0.39   0.18   0.00  -0.53   0.38 
  0.05  -0.04   0.08  -0.60  -0.12   0.26   0.20   0.12  -0.13   0.06 
  0.02  -0.12   0.03  -0.31  -0.19   0.00   0.03   0.27   0.31  -0.13 
 -0.26  -0.05  -0.85  -0.36   0.45  -1.11  -0.61  -0.18  -1.38  -1.13 
  0.11   0.07  -0.13  -0.50  -0.10   0.25   0.24   0.12  -0.17   0.07 
 -0.07  -0.03   0.03   0.73   0.07  -0.35  -0.26  -0.11   0.25  -0.13 
