  0.06  -0.26   0.14  -0.08  -0.12   0.08  -0.11   0.34   0.20  -0.24 
 -0.04   0.03   0.01  -0.00   0.09   0.14  -0.10  -0.10   0.19  -0.20 
 -0.01   0.07  -0.12   0.16   0.14  -0.11  -0.12  -0.17   0.12   0.04 
 -0.01  -0.02   0.04  -0.13  -0.16  -0.08   0.18   0.14  -0.08   0.15 
 -0.04   0.04   0.07   0.00  -0.10  -0.03   0.00   0.12  -0.07   0.04 
  0.06   0.08  -0.06   0.13  -0.07  -0.07  -0.04  -0.11  -0.01   0.12 
  0.04   0.04   0.03   0.02   0.10  -0.01  -0.01   0.04   0.13  -0.28 
 -0.11   0.07  -0.13   0.13   0.13  -0.02   0.19  -0.26  -0.21   0.24 
  0.04   0.04   0.07  -0.03   0.13   0.06  -0.10  -0.27  -0.19   0.22 
  0.02   0.00  -0.08  -0.13   0.01   0.11   0.11   0.12  -0.04  -0.07 
