1 5 7 2 4 0 3 8 9 1 
3 9 4 8 9 5 9 7 6 3 
9 3 4 6 6 0 2 8 5 5 
6 2 3 6 4 5 1 0 6 2 
5 9 9 1 8 3 8 7 1 4 
4 8 8 3 9 2 2 1 4 1 
5 3 9 5 6 6 4 2 6 1 
6 7 5 4 7 7 4 0 2 1 
4 7 7 4 7 1 5 2 0 1 
8 5 8 4 5 7 8 7 1 7 

56 14 14 49 42 21 49 14 7 63 
35 49 42 56 35 56 21 63 49 49 
42 63 7 7 28 14 63 42 56 42 
7 42 49 35 7 21 0 14 7 63 
56 56 28 56 7 49 21 49 0 0 
7 63 49 42 28 21 14 49 0 35 
56 7 42 49 35 42 14 42 42 56 
21 21 35 35 56 28 7 49 0 49 
0 35 35 28 28 28 49 21 63 42 
63 63 63 49 28 21 49 21 7 49 
